US Homicides 1975 - 2015
0.2473544880439118
0.18447312388101045
0.16912682247978572
0.22213438361397442
0.34971999210675553
0.5089481968827043
0.514950715037712
0.4581187673209117
0.40326104301231336
0.4453941905598644
0.5042715131293589
0.6575781841410844
0.6144896142652858
0.6725344656735817
0.7747505819625746
0.9534421536179667
1.0
0.9396043114771642
0.9148480360352622
0.7890228944520961
0.689568741619448
0.5623677832681016
0.45637992420614526
0.34533962217236613
0.24173556419882591
0.18387988985677906
0.16964364243875663
0.12989678070393884
0.06450806906889839
0.024364773052881095
0.026196940482582365
0.03157790956384954
0.013434328871051227
-0.02928633840932804
-0.10617562066951969
-0.13813185199158973
-0.1729537589667477
-0.16713485157326036
-0.19271497109188185
-0.20442367261034444
-0.18035375118701746
