Global Child Mortality 1960 - 2017
1.0
0.9502702702702703
0.9145945945945946
0.8821621621621623
0.894054054054054
0.8681081081081081
0.850810810810811
0.825945945945946
0.7697297297297299
0.6194594594594596
0.5664864864864865
0.5286486486486486
0.4951351351351352
0.4605405405405405
0.4270270270270271
0.39891891891891884
0.36864864864864844
0.33945945945945954
0.31243243243243257
0.28648648648648645
0.2583783783783784
0.2248648648648648
0.19243243243243224
0.16000000000000014
0.12540540540540546
0.09405405405405398
0.06594594594594594
0.039999999999999813
0.016216216216216273
0.00756756756756749
-0.005405405405405461
-0.0183783783783783
-0.03135135135135125
-0.042162162162162176
-0.05837837837837834
-0.07675675675675686
-0.09513513513513516
-0.11567567567567572
-0.14054054054054055
-0.16648648648648645
-0.1945945945945946
-0.2248648648648649
-0.254054054054054
-0.2810810810810811
-0.31351351351351353
-0.3416216216216217
-0.36972972972972973
-0.39459459459459467
-0.42162162162162165
-0.44324324324324327
-0.46918918918918917
-0.4908108108108108
-0.5113513513513515
-0.5297297297297298
-0.547027027027027
-0.5621621621621622
-0.5772972972972973
