Global Temperature 1880 - 2018
-0.6646288209606989
-0.5755458515283844
-0.5982532751091704
-0.6681222707423583
-0.7851528384279477
-0.8288209606986902
-0.8096069868995635
-0.8593886462882098
-0.662882096069869
-0.5938864628820963
-0.85764192139738
-0.7187772925764194
-0.7676855895196508
-0.8139737991266379
-0.7991266375545851
-0.7179039301310045
-0.600873362445415
-0.6
-0.7659388646288212
-0.6724890829694326
-0.5694323144104806
-0.652401746724891
-0.784279475982533
-0.8786026200873365
-0.9842794759825331
-0.7668122270742359
-0.726637554585153
-0.8995633187772927
-0.9397379912663759
-1.0
-0.9493449781659391
-0.9537117903930131
-0.869868995633188
-0.8550218340611356
-0.6541484716157207
-0.6375545851528385
-0.8663755458515284
-0.9755458515283845
-0.8061135371179041
-0.7851528384279476
-0.7816593886462883
-0.6899563318777294
-0.7877729257641922
-0.7711790393013103
-0.778165938864629
-0.7231441048034936
-0.6061135371179042
-0.7213973799126641
-0.7013100436681226
-0.8707423580786027
-0.65764192139738
-0.5868995633187775
-0.6567685589519652
-0.7921397379912666
-0.6244541484716158
-0.7004366812227075
-0.6480349344978167
-0.520524017467249
-0.49519650655021835
-0.5100436681222709
-0.3580786026200872
-0.2960698689956332
-0.4218340611353713
-0.3982532751091703
-0.27685589519650666
-0.3947598253275111
-0.5685589519650656
-0.5179039301310044
-0.6026200873362445
-0.6069868995633189
-0.6716157205240175
-0.5624454148471615
-0.47685589519650673
-0.4078602620087337
-0.6262008733624456
-0.6349344978165941
-0.685589519650655
-0.4384279475982532
-0.4192139737991266
-0.4541484716157207
-0.5117903930131005
-0.4235807860262011
-0.44716157205240176
-0.4288209606986901
-0.6969432314410481
-0.5991266375545853
-0.5475982532751094
-0.5091703056768561
-0.5676855895196508
-0.42794759825327505
-0.46026200873362455
-0.5729257641921398
-0.47685589519650673
-0.31353711790393024
-0.5563318777292579
-0.4986899563318779
-0.5868995633187774
-0.297816593886463
-0.41310043668122287
-0.3109170305676856
-0.2122270742358079
-0.1467248908296944
-0.337991266375546
-0.15807860262008736
-0.3213973799126638
-0.3624454148471617
-0.2925764192139739
-0.14759825327510923
-0.07860262008733628
-0.1982532751091704
-0.008733624454148462
-0.060262008733624424
-0.2532751091703057
-0.24104803493449795
-0.15458515283842797
-0.013100436681222644
-0.14061135371179032
0.004366812227074261
0.15807860262008733
-0.07598253275109172
-0.06550218340611355
0.08471615720524019
0.17292576419213979
0.17030567685589518
0.0864628820960699
0.22969432314410484
0.1877729257641922
0.21397379912663764
0.0890829694323144
0.2078602620087336
0.2794759825327511
0.15283842794759828
0.19301310043668127
0.23755458515283837
0.2986899563318778
0.46026200873362455
0.583406113537118
0.48646288209606997
0.40786026200873365
